accountId,userId
211574579,88386021
211574581,88386023
211574582,88386024
211574583,88386025
211574584,88386026
211574604,88386046
211574606,88386048
211574607,88386049
211574608,88386050
211574609,88386051
211574610,88386052
211574612,88386054
211574614,88386056
211574616,88386058
211574620,88386062
211574621,88386063
211574624,88386066
211574626,88386068
211574627,88386069
211574628,88386070
211574629,88386071
211574641,88386083
211574642,88386084
211574643,88386085
211574644,88386086
211574645,88386087
211574648,88386090
211574649,88386091
211574650,88386092
211574651,88386093
211574652,88386094
211574653,88386095
211574655,88386097
211574657,88386099
211574659,88386101
211574660,88386102
211574662,88386104
211574663,88386105
211574664,88386106
211574666,88386108
211574667,88386109
211574668,88386110
211574669,88386111
211574673,88386115
211574677,88386119
211574683,88386125
211574687,88386129
211574688,88386130
211574689,88386131
211574692,88386134
211574694,88386136
211574698,88386140
211574700,88386142
211574701,88386143
211574704,88386146
211574705,88386147
211574707,88386149
211574711,88386153
211574717,88386159
211574719,88386161
211574720,88386162
211574722,88386164
211574740,88386182
211574776,88386218
211574779,88386221
211574780,88386222
211574781,88386223
211574789,88386231
211574794,88386236
211574801,88386243
211574803,88386245
211574804,88386246
211574806,88386248
211574816,88386258
211574817,88386259
211574820,88386262
211574821,88386263
211574824,88386266
211574825,88386267
211574826,88386268
211574829,88386271
211574834,88386276
211574838,88386280
211574842,88386284
211574845,88386287
211574847,88386289
211574855,88386297
211574859,88386301
211574862,88386304
211574866,88386308
211574871,88386313
211574873,88386315
211574874,88386316
211574876,88386318
211574881,88386323
211574887,88386329
211574897,88386339
211574898,88386340
211574900,88386342
211574901,88386343
211574904,88386346
211574907,88386349
211574909,88386351
211574910,88386352
211574915,88386357
211574919,88386361
211574923,88386365
211574926,88386368
211574930,88386372
211574934,88386376
211574937,88386379
211574941,88386383
211574944,88386386
211574947,88386389
211574950,88386392
211574951,88386393
211574953,88386395
211574954,88386396
211574957,88386399
211574960,88386402
211574961,88386403
211574966,88386408
211574974,88386416
211574985,88386427
211574990,88386432
211574994,88386436
211574996,88386438
211575000,88386442
211575007,88386449
211575011,88386453
211575017,88386459
211575025,88386467
211575028,88386470
211575029,88386471
211575031,88386473
211575033,88386475
211575036,88386478
211575039,88386481
211575042,88386484
211575049,88386491
211575054,88386496
211575060,88386502
211575069,88386511
211575072,88386514
211575077,88386519
211575082,88386524
211575085,88386527
211575088,88386530
211575089,88386531
211575091,88386533
211575092,88386534
211575093,88386535
211575094,88386536
211575097,88386539
211575100,88386542
211575104,88386546
211575107,88386549
211575110,88386552
211575112,88386554
211575114,88386556
211575116,88386558
211575117,88386559
211575118,88386560
211575121,88386563
211575122,88386564
211575125,88386567
211575128,88386570
211575129,88386571
211575130,88386572
211575131,88386573
211575132,88386574
211575134,88386576
211575135,88386577
211575139,88386581
211575142,88386584
211575144,88386586
211575148,88386590
211575151,88386593
211575153,88386595
211575156,88386598
211575157,88386599
211575159,88386601
211575163,88386605
211575168,88386610
211575171,88386613
211575172,88386614
211575175,88386617
211575179,88386621
211575182,88386624
211575189,88386631
211575198,88386640
211575205,88386647
211575206,88386648
211575208,88386650
211575212,88386654
211575214,88386656
211575216,88386658
211575219,88386661
211575222,88386664
211575231,88386673
211575238,88386680
211575249,88386691
211575254,88386696
211575262,88386704
211575265,88386707
211575268,88386710
211575269,88386711
211575271,88386713
211575273,88386715
211575276,88386718
211575277,88386719
211575282,88386724
211575284,88386726
211575287,88386729
211575288,88386730
211575289,88386731
211575291,88386733
211575292,88386734
211575294,88386736
211575301,88386743
211575306,88386748
211575309,88386751
211575315,88386757
211575317,88386759
211575318,88386760
211575322,88386764
211575325,88386767
211575333,88386775
211575337,88386779
211575339,88386781
211575342,88386784
211575346,88386788
211575349,88386791
211575350,88386792
211575359,88386801
211575361,88386803
211575362,88386804
211575367,88386809
211575371,88386813
211575375,88386817
211575377,88386819
211575379,88386821
211575383,88386825
211575387,88386829
211575391,88386833
211575400,88386842
211575409,88386851
211575411,88386853
211575414,88386856
211575423,88386865
211575428,88386870
211575432,88386874
211575438,88386880
211575443,88386885
211575449,88386891
211575460,88386902
211575466,88386908
211575467,88386909
211575469,88386911
211575473,88386915
211575475,88386917
211575477,88386919
211575484,88386926
211575486,88386928
211575493,88386935
211575498,88386940
211575501,88386943
211575516,88386958
211575541,88386983
211575580,88387022
211575597,88387039
211575653,88387095
211575690,88387132
211575751,88387193
211575781,88387223
211575819,88387261
211575858,88387300
211575883,88387325
211575915,88387357
211575953,88387395
211575990,88387432
211576047,88387489
211576077,88387519
211576104,88387546
211576144,88387586
211576191,88387633
211576220,88387662
211576253,88387695
211576304,88387746
211576355,88387797
211576383,88387825
211576412,88387854
211576452,88387894
211576492,88387934
211576533,88387975
211576559,88388001
211576585,88388027
211576618,88388060
211576648,88388090
211576674,88388116
211576692,88388134
211576713,88388155
211576731,88388173
211576743,88388185
211576754,88388196
211576766,88388208
211576778,88388220
211576799,88388241
211576823,88388265
211576845,88388287
211576865,88388307
211576884,88388326
211576903,88388345
211576925,88388367
211576945,88388387
211576965,88388407
211576973,88388415
211577001,88388443
211577013,88388455
211577027,88388469
211577048,88388490
211577060,88388502
211577084,88388526
211577097,88388539
211577115,88388557
211577130,88388572
211577146,88388588
211577162,88388604
211577182,88388624
211577199,88388641
211577211,88388653
211577227,88388669
211577246,88388688
211577258,88388700
211577274,88388716
211577291,88388733
211577299,88388741
211577313,88388755
211577322,88388764
211577335,88388777
211577345,88388787
211577359,88388801
211577376,88388818
211577390,88388832
211577404,88388846
211577418,88388860
211577433,88388875
211577445,88388887
211577455,88388897
211577466,88388908
211577477,88388919
211577492,88388934
211577516,88388958
211577531,88388973
211577536,88388978
211577542,88388984
211577572,88389014
211577605,88389047
211577639,88389081
211577663,88389105
211577696,88389138
211577719,88389161
211577762,88389204
211577785,88389227
211577815,88389257
211577839,88389281
211577876,88389318
211577912,88389354
211577937,88389379
211577959,88389401
211577997,88389439
211578023,88389465
211578049,88389491
211578074,88389516
211578102,88389544
211578137,88389579
211578158,88389600
211578180,88389622
211578200,88389642
211578213,88389655
211578228,88389670
211578237,88389679
211578247,88389689
211578253,88389695
211578262,88389704
211578272,88389714
211578275,88389717
211578297,88389739
211578304,88389746
211578312,88389754
211578318,88389760
211578328,88389770
211578339,88389781
211578348,88389790
211578354,88389796
211578362,88389804
211578370,88389812
211578399,88389841
211578410,88389852
211578419,88389861
211578429,88389871
211578439,88389881
211578450,88389892
211578463,88389905
211578479,88389921
211578488,88389930
211578495,88389937
211578502,88389944
211578510,88389952
211578518,88389960
211578525,88389967
211578532,88389974
211578538,88389980
211578544,88389986
211578547,88389989
211578553,88389995
211578564,88390006
211578573,88390015
211578578,88390020
211578605,88390047
211578630,88390072
211578641,88390083
211578666,88390108
211578676,88390118
211578683,88390125
211578691,88390133
211578698,88390140
211578713,88390155
211578720,88390162
211578731,88390173
211578736,88390178
211578741,88390183
211578745,88390187
211578757,88390199
211578771,88390213
211578793,88390235
211578802,88390244
211578812,88390254
211578820,88390262
211578829,88390271
211578848,88390290
211578859,88390301
211578875,88390317
211578884,88390326
211578897,88390339
211578904,88390346
211578919,88390361
211578930,88390372
211578949,88390391
211578958,88390400
211578977,88390419
211578987,88390429
211578995,88390437
211579009,88390451
211579014,88390456
211579024,88390466
211579042,88390484
211579045,88390487
211579061,88390503
211579079,88390521
211579088,88390530
211579103,88390545
211579109,88390551
211579113,88390555
211579119,88390561
211579125,88390567
211579137,88390579
211579141,88390583
211579150,88390592
211579165,88390607
211579177,88390619
211579184,88390626
211579203,88390645
211579214,88390656
211579225,88390667
211579241,88390683
211579252,88390694
211579269,88390711
211579276,88390718
211579284,88390726
211579291,88390733
211579296,88390738
211579303,88390745
211579330,88390772
211579335,88390777
211579357,88390799
211579361,88390803
211579368,88390810
211579379,88390821
211579385,88390827
211579396,88390838
211579407,88390849
211579425,88390867
211579442,88390884
211579456,88390898
211579471,88390913
211579479,88390921
211579486,88390928
211579492,88390934
211579500,88390942
211580305,88391747
211580308,88391750
211580314,88391756
211580315,88391757
211580316,88391758
211580320,88391762
211580325,88391767
211580328,88391770
211580332,88391774
211580337,88391779
211580343,88391785
211580345,88391787
211580347,88391789
211580349,88391791
211580352,88391794
211580357,88391799
211580361,88391803
211580365,88391807
211580372,88391814
211580377,88391819
211580381,88391823
211580385,88391827
211580388,88391830
211580391,88391833
211580393,88391835
211580396,88391838
211580403,88391845
211580406,88391848
211580412,88391854
211580415,88391857
211580417,88391859
211580420,88391862
211580425,88391867
211580429,88391871
211580433,88391875
211580436,88391878
211580437,88391879
211580442,88391884
211580445,88391887
211580449,88391891
211580451,88391893
211580453,88391895
211580454,88391896
211580456,88391898
211580462,88391904
211580465,88391907
211580469,88391911
211580477,88391919
211580480,88391922
211580485,88391927
211580501,88391943
211580509,88391951
211580514,88391956
211580523,88391965
211580525,88391967
211580527,88391969
211580529,88391971
211580531,88391973
211580534,88391976
211580535,88391977
211580543,88391985
211580548,88391990
211580554,88391996
211580560,88392002
211580568,88392010
211580574,88392016
211580581,88392023
211580588,88392030
211580592,88392034
211580596,88392038
211580599,88392041
211580601,88392043
211580603,88392045
211580606,88392048
211580610,88392052
211580613,88392055
211580618,88392060
211580623,88392065
211580628,88392070
211580633,88392075
211580638,88392080
211580645,88392087
211580647,88392089
211580652,88392094
211580656,88392098
211580660,88392102
211580662,88392104
211580664,88392106
211580667,88392109
211580669,88392111
211580671,88392113
211580675,88392117
211580677,88392119
211580684,88392126
211580690,88392132
211580693,88392135
211580696,88392138
211580697,88392139
211580703,88392145
211580704,88392146
211580707,88392149
211580710,88392152
211580714,88392156
211580719,88392161
211580722,88392164
211580728,88392170
211580732,88392174
211580734,88392176
211580735,88392177
211580738,88392180
211580739,88392181
211580740,88392182
211580742,88392184
211580744,88392186
211580745,88392187
211580749,88392191
211580752,88392194
211580756,88392198
211580759,88392201
211580760,88392202
211580766,88392208
211580767,88392209
211580769,88392211
211580773,88392215
211580777,88392219
211580780,88392222
211580783,88392225
211580784,88392226
211580785,88392227
211580794,88392236
211580801,88392243
211580804,88392246
211580809,88392251
211580812,88392254
211580815,88392257
211580818,88392260
211580821,88392263
211580824,88392266
211580825,88392267
211580827,88392269
211580829,88392271
211580833,88392275
211580835,88392277
211580837,88392279
211580839,88392281
211580841,88392283
211580844,88392286
211580846,88392288
211580848,88392290
211580849,88392291
211580852,88392294
211580854,88392296
211580862,88392304
211580867,88392309
211580870,88392312
211580876,88392318
211580884,88392326
211580895,88392337
211580902,88392344
211580908,88392350
211580912,88392354
211580913,88392355
211580914,88392356
211580917,88392359
211580919,88392361
211580927,88392369
211580936,88392378
211580940,88392382
211580944,88392386
211580946,88392388
211580950,88392392
211580956,88392398
211580960,88392402
211580965,88392407
211580968,88392410
211580975,88392417
211580984,88392426
211580991,88392433
211580999,88392441
211581011,88392453
211581021,88392463
211581030,88392472
211581041,88392483
211581049,88392491
211581057,88392499
211581068,88392510
211581084,88392526
211581096,88392538
211581108,88392550
211581121,88392563
211581128,88392570
211581139,88392581
211581146,88392588
211581155,88392597
211581168,88392610
211581182,88392624
211581194,88392636
211581199,88392641
211581202,88392644
211581205,88392647
211581207,88392649
211581209,88392651
211581216,88392658
211581220,88392662
211581221,88392663
211581223,88392665
211581225,88392667
211581227,88392669
211581230,88392672
211581233,88392675
211581236,88392678
211581238,88392680
211581240,88392682
211581245,88392687
211581247,88392689
211581251,88392693
211581252,88392694
211581253,88392695
211581258,88392700
211581261,88392703
211581266,88392708
211581268,88392710
211581270,88392712
211581272,88392714
211581275,88392717
211581278,88392720
211581280,88392722
211581283,88392725
211581285,88392727
211581287,88392729
211581289,88392731
211581292,88392734
211581295,88392737
211581298,88392740
211581301,88392743
211581304,88392746
211581311,88392753
211581321,88392763
211581331,88392773
211581344,88392786
211581356,88392798
211581369,88392811
211581375,88392817
211581380,88392822
211581384,88392826
211581385,88392827
211581387,88392829
211581390,88392832
211581395,88392837
211581402,88392844
211581408,88392850
211581412,88392854
211581416,88392858
211581421,88392863
211581424,88392866
211581427,88392869
211581429,88392871
211581430,88392872
211581436,88392878
211581445,88392887
211581450,88392892
211581455,88392897
211581457,88392899
211581459,88392901
211581465,88392907
211581467,88392909
211581471,88392913
211581477,88392919
211581481,88392923
211581486,88392928
211581487,88392929
211581490,88392932
211581529,88392971
211581567,88393009
211581614,88393056
211581653,88393095
211581697,88393139
211581739,88393181
211581754,88393196
211581778,88393220
211581800,88393242
211581842,88393284
211581856,88393298
211581882,88393324
211581900,88393342
211581913,88393355
211581937,88393379
211581949,88393391
211581980,88393422
211582007,88393449
211582037,88393479
211582070,88393512
211582095,88393537
211582115,88393557
211582130,88393572
211582152,88393594
211582173,88393615
211582214,88393656
211582227,88393669
211582255,88393697
211582267,88393709
211582287,88393729
211582308,88393750
211582352,88393794
211582373,88393815
211582393,88393835
211582421,88393863
211582444,88393886
211582460,88393902
211582489,88393931
211582508,88393950
211582519,88393961
211582542,88393984
211582555,88393997
211582568,88394010
211582583,88394025
211582591,88394033
211582598,88394040
211582608,88394050
211582619,88394061
211582633,88394075
211582642,88394084
211582654,88394096
211582666,88394108
211582673,88394115
211582679,88394121
211582693,88394135
211582706,88394148
211582710,88394152
211582718,88394160
211582736,88394178
211582743,88394185
211582753,88394195
211582758,88394200
211582766,88394208
211582773,88394215
211582780,88394222
211582791,88394233
211582802,88394244
211582810,88394252
211582813,88394255
211582816,88394258
211582823,88394265
211582831,88394273
211582838,88394280
211582842,88394284
211582847,88394289
211582851,88394293
211582853,88394295
211582856,88394298
211582859,88394301
211582862,88394304
211582865,88394307
211582866,88394308
211582870,88394312
211582871,88394313
211582873,88394315
211582876,88394318
211582881,88394323
211582887,88394329
211582892,88394334
211582895,88394337
211582899,88394341
211582902,88394344
211582905,88394347
211582907,88394349
211582910,88394352
211582914,88394356
211582919,88394361
211582923,88394365
211582926,88394368
211582930,88394372
211582935,88394377
211582936,88394378
211582938,88394380
211582939,88394381
211582940,88394382
211582946,88394388
211582948,88394390
211582954,88394396
211582963,88394405
211582972,88394414
211582981,88394423
211582990,88394432
211583000,88394442
211583008,88394450
211583015,88394457
211583020,88394462
211583030,88394472
211583039,88394481
211583046,88394488
211583055,88394497
211583062,88394504
211583069,88394511
211583079,88394521
211583086,88394528
211583093,88394535
211583103,88394545
211583108,88394550
211583113,88394555
211583127,88394569
211583144,88394586
211583161,88394603
211583179,88394621
211583195,88394637
211583212,88394654
211583230,88394672
211583246,88394688
211583264,88394706
211583278,88394720
211583292,88394734
211583296,88394738
211583300,88394742
211583304,88394746
211583305,88394747
211583308,88394750
211583309,88394751
211583311,88394753
211583313,88394755
211583317,88394759
211583320,88394762
211583325,88394767
211583328,88394770
211583331,88394773
211583335,88394777
211583338,88394780
211583342,88394784
211583348,88394790
211583351,88394793
211583354,88394796
211583358,88394800
211583362,88394804
211583364,88394806
211583369,88394811
211583373,88394815
211583377,88394819
211583381,88394823
211583384,88394826
211583387,88394829
211583389,88394831
211583393,88394835
211583399,88394841
211583402,88394844
211583407,88394849
211583410,88394852
211583413,88394855
211583415,88394857
211583418,88394860
211583422,88394864
211583430,88394872
211583435,88394877
211583444,88394886
211583449,88394891
211583451,88394893
211583456,88394898
211583458,88394900
211583459,88394901
211583460,88394902
211583463,88394905
211583464,88394906
211583472,88394914
211583476,88394918
211583477,88394919
211583481,88394923
211583482,88394924
211583483,88394925
211583485,88394927
211583487,88394929
211583491,88394933
211583492,88394934
211583493,88394935
211583495,88394937
211583497,88394939
211583499,88394941
211583500,88394942
211583502,88394944
211583504,88394946
211583505,88394947
211583508,88394950
211583510,88394952
211583511,88394953
211583513,88394955
211583515,88394957
211583516,88394958
211583517,88394959
211583518,88394960
211583521,88394963
211583523,88394965
211583524,88394966
211583525,88394967
211583526,88394968
211583527,88394969
211583529,88394971
211583530,88394972
211583531,88394973
211583532,88394974
211583533,88394975
211583556,88394998
211583575,88395017
211583597,88395039